noise_power = 0.15 * 3.14159 / 180;
f_gyro = 100;
bias_inst = 0.12 * 3.14159 / 180;       % rad/hr
bias_a = 0.3;